Nx,Ny,psf 
1,1,6.16997785
1,2,6.29884400
1,3,12.58205789
1,4,23.39810644
1,5,34.81227007
1,6,43.33595864
1,7,47.69337506
1,8,48.72357097
1,9,48.16006909
1,10,47.49477665
1,11,47.49511992
1,12,48.16077050
1,13,48.72362514
1,14,47.69126206
1,15,43.33036178
1,16,34.80324717
1,17,23.38784425
1,18,12.57415883
1,19,6.29609963
1,20,6.17216233
2,1,6.09991219
2,2,13.58888269
2,3,26.80723454
2,4,39.81764535
2,5,47.23587070
2,6,47.61851962
2,7,43.37346413
2,8,38.14893860
2,9,34.36120383
2,10,32.59569603
2,11,32.59642386
2,12,34.36359830
2,13,38.15305471
2,14,43.37806140
2,15,47.62072258
2,16,47.23260612
2,17,39.80823083
2,18,26.79489272
2,19,13.57921218
2,20,6.09690261
3,1,12.24589873
3,2,26.74995338
3,3,41.31147622
3,4,47.80797918
3,5,44.08462759
3,6,35.01283504
3,7,27.90539478
3,8,26.84253376
3,9,30.47269008
3,10,34.17803112
3,11,34.17610046
3,12,30.46877999
3,13,26.84087788
3,14,27.90913330
3,15,35.02081548
3,16,44.09124457
3,17,47.80703754
3,18,41.30145912
3,19,26.73596898
3,20,12.23591651
4,1,23.14042507
4,2,39.87112136
4,3,47.77859353
4,4,42.07607632
4,5,29.85150982
4,6,24.85067680
4,7,36.69737250
4,8,63.74119995
4,9,94.37354421
4,10,114.32561134
4,11,114.31621399
4,12,94.34969642
4,13,63.71404658
4,14,36.67938116
4,15,24.84837870
4,16,29.86099262
4,17,42.08564953
4,18,47.77779898
4,19,39.85895792
4,20,23.12538174
5,1,34.80079293
5,2,47.26996019
5,3,43.49910776
5,4,28.95729946
5,5,24.26893685
5,6,50.38751213
5,7,112.31939681
5,8,194.67210196
5,9,270.67975552
5,10,315.60236791
5,11,315.58183294
5,12,270.62430913
5,13,194.59928446
5,14,112.25333425
5,15,50.34845753
5,16,24.26188151
5,17,28.96921058
5,18,43.50921184
5,19,47.26559175
5,20,34.78522556
6,1,43.50883862
6,2,47.11818743
6,3,32.97741252
6,4,22.12634035
6,5,48.84871632
6,6,134.99461599
6,7,271.69720044
6,8,423.52857674
6,9,548.94921936
6,10,618.27738034
6,11,618.24641213
6,12,548.86162226
6,13,423.40274070
6,14,271.56573190
6,15,134.89424868
6,16,48.80092768
6,17,22.12431116
6,18,32.99290907
6,19,47.12401378
6,20,43.49738653
7,1,47.77336559
7,2,41.70805862
7,3,23.76871953
7,4,32.11262882
7,5,110.52858784
7,6,273.19773923
7,7,489.46666193
7,8,702.17832874
7,9,861.40274690
7,10,943.27737245
7,11,943.24180091
7,12,861.29650162
7,13,702.01139965
7,14,489.27179933
7,15,273.02598800
7,16,110.42272775
7,17,32.08010482
7,18,23.77987113
7,19,41.72214748
7,20,47.76864206
8,1,48.41251919
8,2,34.96823847
8,3,20.64010376
8,4,58.35081974
8,5,195.39660237
8,6,431.61502860
8,7,711.45617615
8,8,959.27308474
8,9,1125.67417298
8,10,1203.23635749
8,11,1203.20407489
8,12,1125.56958336
8,13,959.08937140
8,14,711.21700028
8,15,431.38009281
8,16,195.23012051
8,17,58.27933756
8,18,20.63862872
8,19,34.98635099
8,20,48.41454164
9,1,47.34927035
9,2,29.80825230
9,3,22.82239583
9,4,89.40009789
9,5,275.87631071
9,6,566.62183698
9,7,884.52776283
9,8,1141.57097639
9,9,1294.83582462
9,10,1357.14615817
9,11,1357.12201242
9,12,1294.74682869
9,13,1141.39126252
9,14,884.26753145
9,15,566.34380710
9,16,275.66162375
9,17,89.29338530
9,18,22.80612696
9,19,29.82679756
9,20,47.35625338
10,1,46.34291016
10,2,27.24492392
10,3,25.85087873
10,4,110.06812277
10,5,324.33764003
10,6,643.07990770
10,7,976.74530692
10,8,1231.43299767
10,9,1370.09748427
10,10,1419.42102130
10,11,1419.40349459
10,12,1370.02262867
10,13,1231.26231074
10,14,976.47921714
10,15,642.78130196
10,16,324.09686746
10,17,109.94077556
10,18,25.82487802
10,19,27.26269984
10,20,46.35239704
11,1,46.34341620
11,2,27.24601400
11,3,25.84922809
11,4,110.05832007
11,5,324.31533707
11,6,643.04543437
11,7,976.70464781
11,8,1231.39461444
11,9,1370.06683902
11,10,1419.39693628
11,11,1419.37940626
11,12,1369.99197620
11,13,1231.22392236
11,14,976.43855970
11,15,642.74683730
11,16,324.07457609
11,17,109.93098226
11,18,25.82323197
11,19,27.26379043
11,20,46.35290200
12,1,47.35037345
12,2,29.81163789
12,3,22.81940122
12,4,89.37557832
12,5,275.81690350
12,6,566.52610509
12,7,884.40972734
12,8,1141.45250761
12,9,1294.73242602
12,10,1357.05706407
12,11,1357.03291093
12,12,1294.64341477
12,13,1141.27278546
12,14,884.14950599
12,15,566.24810266
12,16,275.60224974
12,17,89.26889128
12,18,22.80314396
12,19,29.83018368
12,20,47.35735321
13,1,48.41299805
13,2,34.97368166
13,3,20.64002803
13,4,58.32376570
13,5,195.32043990
13,6,431.48154347
13,7,711.27826675
13,8,959.07726175
13,9,1125.48309841
13,10,1203.05538390
13,11,1203.02309555
13,12,1125.37849946
13,13,958.89355226
13,14,711.03911876
13,15,431.24665480
13,16,195.15400715
13,17,58.25231753
13,18,20.63856597
13,19,34.99179252
13,20,48.41501525
14,1,47.77147699
14,2,41.71388357
14,3,23.77437487
14,4,32.09591028
14,5,110.46162530
14,6,273.06280206
14,7,489.26716152
14,8,701.93574641
14,9,861.14194818
14,10,943.01303465
14,11,942.97746362
14,12,861.03571035
14,13,701.76884320
14,14,489.07234739
14,15,272.89111166
14,16,110.35581910
14,17,32.06341806
14,18,23.78553447
14,19,41.72796698
14,20,47.76674726
15,1,43.50318158
15,2,47.12114121
15,3,32.98701500
15,4,22.12582374
15,5,48.81075475
15,6,134.89477126
15,7,271.52698799
15,8,423.29841424
15,9,548.68030980
15,10,617.99101805
15,11,617.96005700
15,12,548.59273654
15,13,423.17262173
15,14,271.39557841
15,15,134.79446424
15,16,48.76301076
15,17,22.12381446
15,18,33.00251087
15,19,47.12695901
15,20,43.49172440
16,1,34.79154414
16,2,47.26689089
16,3,43.50658127
16,4,28.96803310
16,5,24.26315011
16,6,50.34132869
16,7,112.21686750
16,8,194.51244875
16,9,270.47613013
16,10,315.37559005
16,11,315.35506524
16,12,270.42071351
16,13,194.43967673
16,14,112.15085654
16,15,50.30231799
16,16,24.25611976
16,17,28.97994854
16,18,43.51667732
16,19,47.26251398
16,20,34.77597504
17,1,23.12999791
17,2,39.86160669
17,3,47.77782070
17,4,42.08596618
17,5,29.86362303
17,6,24.84886999
17,7,36.66594838
17,8,63.67288275
17,9,94.27262935
17,10,114.20592747
17,11,114.19653862
17,12,94.24880494
17,13,63.64576119
17,14,36.64798753
17,15,24.84659151
17,16,29.87311029
17,17,42.09553227
17,18,47.77701637
17,19,39.84943876
17,20,23.11495722
18,1,12.23803586
18,2,26.73756665
18,3,41.30143085
18,4,47.80704370
18,5,44.09414625
18,6,35.02709414
18,7,27.91488624
18,8,26.83956603
18,9,30.45557634
18,10,34.15176474
18,11,34.14983838
18,12,30.45167723
18,13,26.83792273
18,14,27.91863289
18,15,35.03507443
18,16,44.10075573
18,17,47.80609252
18,18,41.29140834
18,19,26.72358361
18,20,12.22805939
19,1,6.09734464
19,2,13.57935076
19,3,26.79340733
19,4,39.80556039
19,5,47.23117207
19,6,47.62319917
19,7,43.38537206
19,8,38.16394443
19,9,34.37604415
19,10,32.60950705
19,11,32.61023549
19,12,34.37843950
19,13,38.16805957
19,14,43.38996478
19,15,47.62539442
19,16,47.22789956
19,17,39.79614156
19,18,26.78106687
19,19,13.56968582
19,20,6.09434084
20,1,6.17230195
20,2,6.29600191
20,3,12.57235872
20,4,23.38348581
20,5,34.79710072
20,6,43.32454380
20,7,47.68798625
20,8,48.72406697
20,9,48.16477024
20,10,47.50154911
20,11,47.50189150
20,12,48.16546892
20,13,48.72411662
20,14,47.68586776
20,15,43.31894233
20,16,34.78807623
20,17,23.37322618
20,18,12.56446528
20,19,6.29326326
20,20,6.17448930
