Nx,Ny,psf 
1,1,10.36008684
1,2,6.48497519
1,3,7.67679535
1,4,14.28412519
1,5,23.74089666
1,6,32.67359255
1,7,38.87002839
1,8,41.95251096
1,9,42.86115282
1,10,42.89045864
1,11,42.89051312
1,12,42.86091836
1,13,41.95096755
1,14,38.86606694
1,15,32.66683932
1,16,23.73246968
1,17,14.27665413
1,18,7.67320495
1,19,6.48645779
1,20,10.36477468
2,1,8.22905965
2,2,10.79052674
2,3,20.62669336
2,4,33.73817527
2,5,44.63566563
2,6,49.85616755
2,7,49.28048501
2,8,45.18072327
2,9,40.48642314
2,10,37.53004482
2,11,37.53141723
2,12,40.49000782
2,13,45.18494493
2,14,49.28293716
2,15,49.85435458
2,16,44.62841034
2,17,33.72702792
2,18,20.61592898
2,19,10.78485175
2,20,8.23018867
3,1,12.57830695
3,2,24.32160943
3,3,40.77041912
3,4,53.76235039
3,5,57.65777594
3,6,52.25437674
3,7,41.37598210
3,8,29.65735499
3,9,20.44078358
3,10,15.48738562
3,11,15.48958108
3,12,20.44709675
3,13,29.66680019
3,14,41.38639765
3,15,52.26214287
3,16,57.65877818
3,17,53.75458008
3,18,40.75648978
3,19,24.30826101
3,20,12.57203157
4,1,24.41373172
4,2,43.72094850
4,3,60.49494025
4,4,65.57504753
4,5,57.60895618
4,6,42.26020647
4,7,26.54729721
4,8,14.43135048
4,9,6.65987959
4,10,2.86945067
4,11,2.87108978
4,12,6.66484749
4,13,14.43994943
4,14,26.55966629
4,15,42.27454886
4,16,57.62017193
4,17,65.57673689
4,18,60.48459889
4,19,43.70359405
4,20,24.39923407
5,1,41.34520382
5,2,63.45342597
5,3,74.05677868
5,4,68.03548834
5,5,52.14070514
5,6,37.52504369
5,7,30.10849684
5,8,28.23962009
5,9,27.81049713
5,10,27.26108196
5,11,27.26143607
5,12,27.81094295
5,13,28.24013257
5,14,30.11191146
5,15,37.53484327
5,16,52.15539382
5,17,68.04661474
5,18,74.05498801
5,19,63.43759209
5,20,41.32482139
6,1,59.64766738
6,2,79.63365091
6,3,81.37974924
6,4,68.55159487
6,5,57.15718895
6,6,59.79700425
6,7,74.50074090
6,8,89.28064472
6,9,95.77481400
6,10,96.03723634
6,11,96.03775402
6,12,95.77279674
6,13,89.27096393
6,14,74.48608278
6,15,59.78811281
6,16,57.16187647
6,17,68.56468298
6,18,81.38634034
6,19,79.62342354
6,20,59.62517290
7,1,76.48999172
7,2,91.81422209
7,3,87.11250459
7,4,77.48610309
7,5,86.39601799
7,6,121.84890476
7,7,167.32008482
7,8,197.80012786
7,9,204.01605604
7,10,198.68838770
7,11,198.69232617
7,12,204.01855712
7,13,197.78466884
7,14,167.28405880
7,15,121.81002107
7,16,86.37603224
7,17,77.48932194
7,18,87.12220063
7,19,91.81027022
7,20,76.46844796
8,1,90.83778075
8,2,102.02047173
8,3,96.51455095
8,4,100.96703065
8,5,143.21729223
8,6,221.90809054
8,7,302.29852040
8,8,346.02992953
8,9,346.08984236
8,10,330.55773295
8,11,330.56737152
8,12,346.10207896
8,13,346.01295455
8,14,302.24062117
8,15,221.83255671
8,16,143.16175435
8,17,100.94936213
8,18,96.51995761
8,19,102.02036759
8,20,90.81830758
9,1,102.92971146
9,2,112.49375046
9,3,111.68452144
9,4,136.97485720
9,5,218.60791519
9,6,345.37276805
9,7,465.46094168
9,8,528.29002277
9,9,528.43741692
9,10,506.92128190
9,11,506.93459230
9,12,528.45443958
9,13,528.26602479
9,14,465.37662450
9,15,345.25663992
9,16,218.51217826
9,17,136.93053075
9,18,111.67999049
9,19,112.49386831
9,20,102.91154519
10,1,113.19548096
10,2,124.05422283
10,3,130.58404284
10,4,176.35977384
10,5,294.33247985
10,6,468.12143811
10,7,634.92756908
10,8,733.81476758
10,9,755.26438978
10,10,742.57610018
10,11,742.58593297
10,12,755.26894412
10,13,733.76582901
10,14,634.80617507
10,15,467.96286564
10,16,294.19924855
10,17,176.29064281
10,18,130.56831193
10,19,124.05168819
10,20,113.17680986
11,1,121.47268139
11,2,135.91622009
11,3,148.94180210
11,4,207.63493384
11,5,349.22554941
11,6,560.10286713
11,7,775.98381700
11,8,928.69158844
11,9,996.91272402
11,10,1011.56816448
11,11,1011.56549356
11,12,996.88349419
11,13,928.59709317
11,14,775.81630822
11,15,559.90628141
11,16,349.06614124
11,17,207.55054125
11,18,148.91825919
11,19,135.90970321
11,20,121.45150954
12,1,126.80439489
12,2,146.43751979
12,3,163.25218521
12,4,223.05664865
12,5,367.70545736
12,6,593.72582552
12,7,845.62033405
12,8,1053.43954941
12,9,1179.86133564
12,10,1232.26354379
12,11,1232.24303848
12,12,1179.78707005
12,13,1053.29266924
12,14,845.41196024
12,15,593.50778823
12,16,367.53980022
12,17,222.97162527
12,18,163.22667380
12,19,146.42664788
12,20,126.77907186
13,1,127.66565867
13,2,153.74240770
13,3,172.51520445
13,4,222.74668978
13,5,348.01565898
13,6,558.07230353
13,7,814.09432713
13,8,1052.18039215
13,9,1222.24742075
13,10,1306.49415256
13,11,1306.45810537
13,12,1222.13654264
13,13,1051.99828216
13,14,813.87059893
13,15,557.86145817
13,16,347.86788863
13,17,222.67538200
13,18,172.49239158
13,19,153.72659436
13,20,127.63524217
14,1,122.48036985
14,2,155.72303553
14,3,177.35022774
14,4,213.81085003
14,5,304.45314907
14,6,469.49316492
14,7,689.69513014
14,8,915.18046189
14,9,1093.08127897
14,10,1188.91564702
14,11,1188.87320537
14,12,1092.95912930
14,13,914.99869942
14,14,689.49339734
14,15,469.32030664
14,16,304.34246814
14,17,213.76095434
14,18,177.33062302
14,19,155.70101653
14,20,122.44515503
15,1,110.46438453
15,2,150.00363048
15,3,177.37261573
15,4,204.20618426
15,5,259.19724345
15,6,365.90368270
15,7,521.74948587
15,8,695.53220154
15,9,843.14258009
15,10,926.98088851
15,11,926.94302240
15,12,843.03776597
15,13,695.38630830
15,14,521.60036173
15,15,365.78704693
15,16,259.12900380
15,17,204.17522982
15,18,177.35247447
15,19,149.97449845
15,20,110.42655203
16,1,92.66963419
16,2,134.88602527
16,3,169.70461967
16,4,195.75767303
16,5,227.56851022
16,6,284.22229500
16,7,372.60157660
16,8,479.17548323
16,9,575.69253531
16,10,632.86712113
16,11,632.84091394
16,12,575.62211937
16,13,479.08274261
16,14,372.51360431
16,15,284.15890687
16,16,227.53243706
16,17,195.73549271
16,18,169.67927755
16,19,134.85117582
16,20,92.63337897
17,1,72.55284362
17,2,111.30769425
17,3,150.96221055
17,4,182.73165256
17,5,208.28530398
17,6,237.49916090
17,7,278.66494731
17,8,329.95273217
17,9,378.79267523
17,10,408.78127421
17,11,408.76735321
17,12,378.75621787
17,13,329.90690651
17,14,278.62366670
17,15,237.46923990
17,16,208.26317393
17,17,182.70782511
17,18,150.93059632
17,19,111.27186043
17,20,72.52324806
18,1,55.11669490
18,2,84.14661810
18,3,121.63592705
18,4,158.12911984
18,5,187.75669309
18,6,211.27425814
18,7,232.98780054
18,8,255.22537794
18,9,275.42222142
18,10,287.81660324
18,11,287.81083059
18,12,275.40718878
18,13,255.20624813
18,14,232.96872380
18,15,211.25525417
18,16,187.73414966
18,17,158.10005804
18,18,121.60252674
18,19,84.11642414
18,20,55.09742401
19,1,44.44227482
19,2,60.78709295
19,3,88.51055647
19,4,122.23427935
19,5,154.88467998
19,6,181.94646424
19,7,202.63728534
19,8,218.09047329
19,9,229.00438491
19,10,234.86911514
19,11,234.86648793
19,12,228.99696412
19,13,218.07903321
19,14,202.62178118
19,15,181.92583944
19,16,154.85839847
19,17,122.20454299
19,18,88.48283911
19,19,60.76753362
19,20,44.43340685
20,1,41.01524944
20,2,46.92157797
20,3,61.61756923
20,4,84.81150683
20,5,112.45197888
20,6,139.48399063
20,7,162.27896389
20,8,179.31482442
20,9,190.44642783
20,10,195.92886359
20,11,195.92649435
20,12,190.43925090
20,13,179.30262767
20,14,162.26158527
20,15,139.46199749
20,16,112.42757316
20,17,84.78869674
20,18,61.60074912
20,19,46.91294563
20,20,41.01299649
